200111111101010001111011220110000211121011220001111212101012220112121102110122210111210021011122201110100112111111210010000011020112100112112012110112221202101101212022220111101101010211201122110211111212001111111111122010102122221112111111010121101022001110010001121122111021011111221212112122122122111210111210211210110001111111122112012201211110221101111110201122111101111202110101
002110112210111011112121202110211110100201111001021111010110021212202001210121012200111021200121110101211011012000021112101112101100121011211210112202010020011221101011021011111111011011110111101021100110002111112020211111110211020110212120222211112011110021210111100011111112010011212020111110001112211111022121220212102110011100111011021102211112201121100121021110111111010001212122
001110222111100220021120021011212101110021021000012201221120211211000110111121201111111211011220101121011011211011200110110110110201120101111111100111211011100101110101121100011101101111121001110212021011212112120201222111221120120002110000100011212211012200020011012121101111110112221120112011022200211102212211211210110201010111121111011011110111111022020011102120110021110211212102
012011222020011120111121121002110211012201101011210201101000122101211012211111112110211111122012111201102111010102121010220012111200021111001211121102111221222021001010002121211102011111211020201111121100201211012112111122121012201201011202120111111121110010211220111000111101100001100211021112200102121022101210111110212012021020211112210220111122211111112001110121120011220111012010
120121122021022101102212021021110120111110110111121112121001120211111011221102111011111120010200000201111011011101121102111111122012210201200111221202021102101111212111112200201121011021100112011002111102110121120011021100111010011011122120011110112211110122101111121020021111110212021110011111121101112102102121010111121111111120112221110212002111121221011201000200100022121120220202
120220111021211211101101122101102110101201201012111022111021101000011000202101011012101221201111210012222110022111221110120121111111021100100022012211100120010001011111102201002201122211011101211021222110110121221210111112122001011201110112011111022122120211012010011121102112111010000110211001121122122211101211112211111111212202112212221202201110112111110102212111112011021001020111
121101201211011110121111110111112112120111111212012110011122210111111102120011011212201011011112211212120112111102000112102011111212100111020110211111011211111120220011111012011122022120002110120101111211101121220112022000212011211111211011112021121120012121010220102222221102111201212101022201110102111112111221100112110122011101221021021121112111001011221101211120222122100101011100
120101102101022111222112012222022202210011112012001001010122120222122210211210121111120211021111111202012221111111110102111100101011212111112101110112122111111000100121211110110111101001101111220010220211000100122110200201111122221100101220022010001100112011100121211112121111101122012022211112012101000110011012011200212102112111122202111211211100120011102112111110112200111201112211
220211121110220112101110211201211211211212100002112212111120002010212112001012021012110112111110012210210111102022100110100110122111211100211210021021111112120120112121022112212221002211212111010122111111022211222112002211111020010001001111012210101112220101102102201001112211111112210110101101111111110111101221121111011112012110012110022101202111100201122001101121011011111101122101
101111211122211012221002101212021210111101121110020211021201011121212111011121212101112111112002221101121112101001000222201111001121211200120121122222111111021102112120011102111122112111112220112211110002211011020112111220011200211110010111110122112010211222120202020122011111001111112112012200011112012110021211110001100102200112110100220112222211111100101100120121110101121100111110
111112012222221111212110210101010122121112101110001221010120111020111021111100021002211210210112111221021211110210021211110222120111112211100210021001212011111101212011012100102122011212110100101102101121112111000111011010012102021102121112110202111110001111211101102010111120111021211112112220011012120021112221112111111021222112121111001111122122101201212122101221011200212112000110
210111020122211111111210120111012012211001112010011112220010112021212121001101222001000220112102122021221111112100221201211211011200102011211111012120102110201012011211211212111111111120021220121101010101012210201011211111211110112110110020011000220101111111211112120111112212021110111220101010111010110121120210011122022211101120100112110210122101222001102222101211012211111020101101
112121112121110121102101101200112101121101102001111111011110201212002101212122010001212011101110200012211211120010100112021121102011222211012100122222112011111100111101121201121221110111021112210222001221201100121120212120000120210112111012012010221011111111111101212222121121012222210111121102101222221011111011112011010102121111111021201220101102111011111200120101200220022211011111
211201110111111111202120122221000121110111002011121111211100022121111112011101222101220101211111110011121111122211111011201121211110111110222012121110011111111112211111202111210111101111201122101121101102112112011121210122020121101222112120221101111011102012200011020101112110021111112011020101200112112111210110100120110110022211121122121110212102111002010101112110112211101111002212
112220011122201111101100201122100221222022201111020012101100102211121021211112122112101020110100020111121112100120111210012111002112212120000110121011111011120102101201010110002122211001121110112121011111201111120101021010110211112211021010201211010210201221110111012110121211020001101201011121110122211111121122101101101112222112110112212120022120121010100112122111110110011212112222
012112010212110202220210011101020121021111201001221202111101011012011111221001111112011121010011111121020012212211201101012100011012001112002101211111021101201121102010121110001112121222210110121222101011021100211121100112000222220101111111011101110121211121122001110001201220212111012100012210210110120111120221010222210012221112111011101021111011222102110111110012222211101102111200
221010112211220021011020112010210120102121112112020112101100011120200102112112101012200121122121011101221021110120101111112221221100121112120101121202211011021111010011112110011210011021202121010122010110112001221111110111101222100111111102001122122120211101121212110222101111111112111010112211110121011111101100111111122111011101122011212120002010220011012001111221111002202101112211
120120112111110101210110112120121120122100012110011211021100111112002111111101221002111102212101001222010011011021121120001212101100101221212022112111002111102201012121100000101121111110201102011211111111211121021201211211122111212100111001221201111211112001020121111121112111122210011121120020202221201111211112000122122102011202112122221200121202212110011111200111212020112112121021
212012210100111011120011211211111221111110210101211200022220211111111111110121111211100102111211021200001112110112011212102101111022112120121101112211002010112211200012120000201211221010021110210121211022222122011111021111102112122122001121210102111011111012202011112101001012201112011222011112122012102001121111101202201122111111200120012111012111112100011122211211101221011121200100
211001211001111211210011112100010001221101122000111221101120120121211112102101121011021220111210101221211112111120112000112201121000101210101102112011101111011212020111001000022201221112221022110211212221012211210111001111121110021112120200022001110221101000112211110111201111220020211102102211112121121211111010122011220000201111021111010122121111202112102021112021111120210201100100
111101012110120002211110121000122112211101101111111122112211221100112202222100212221202000121110011101111200010202111120212122022111111111111212121120121111110020000211122121121201101111121211102100111021021121212020201022110211211120020110211011111120022211111101120202220211200001120210112201010212211221210212221111010120010102101121111200202111001110110010212111221010212101111211
110211111111112121011112112120102022110212001111110120121102102011010111112111112122012220122021111102121101112010112211020010120202111121111101101201100011111211012221022020102121012200211101001011001021111011111102200122222121201112210120212021011111111121211111111111111100110201100002011212200210210001122220122120202111211021011011110211212102101101210111211212011101111011001221
001111011222101110210221121111122001101112011102011001201112110100110111111112121111110120102010010111112212002212211210211101101001111012000111011111101110111000111111011112221100120001012210111121221111001111020110102100010012101011211111112121211102212110110121101211102111011221201211201121122211021121101110210002102101101011021101121111201111021111201021021121110102110121110211
100111200010101112112211111111100122120121110202101211202111112210021101100002002120120211102221111111210111102011201121201021121200200211211221110122112101201211111102220100211102000011121011001111022112201112101112121101001212001112221101112201111002101012212102110221021101111000111111111021121112112010222101112211110120120202121112120010120111111111022212111121110112110221211001
101011022221220110020010111111210221211112121121222121121101110112010021020101011010111012112112022101010111211121111111001111120021111210102122112111211210222110200000111120100111211111102000021211112211102011121101010212110201100020210111120011021012102221011201111100112001111210112211111122120111111211112000011101200121011112120200110101110022021101110022010211211212101120020111
110220201020010112121121200112121211011120022121211101001021212211210211120001022111201121210112021101121022211221112112101011110111211101200201001102221211102120121112121101012220011211111021100110011110112001011211202101220100011212021111011120110120212110121111110212121121210122102012011011221120210102100011121111020012011000011112121101201212011211101011112021100111012211102211
000221110020011102121112000122001112011120001111201002211121001201110000120101001100111210111111020200120111201110101111211201112221120112122200122010010210111201102001112112211001100211111110002121021001201211112100101211121111100111111121012110111201021022201022110211011201101010112121102110011022112002110212220122020111101001211012122111201111012011012012021111111121110211002012
111100110100202221110121210121211221112121211120010020002111100011022120011002200110222211212111101211221110120201111102120000101121211102200112010111211200220110111011102112111021112110002111121021011112222121210111001001021022120010111110111012012012211021011212112101111101011110112212211211122010210112211020011111211212110122001121220121002111111212010121101111011210212212121120
201021022101011111121021112112210021010212012211001112210211122111011112111111110010200110211112102222011222202101121201101111100011221011012010111211112110010121010101111111110210211102122012002212111011011101111012021010021111111211011011220112122011102110211102101021221210111112110211211011002111121100111012011011222001100110112101110101211111112111111010012011111221110000100100
022111122010100202121212101111211011210100212110012210221211210110211120211201111010211220112112201101202210121121012212121102002011222200002011200121111211001220112021210020111111122210111111121101121021101122111111012011021111020110110111120010102121011011011110122220101101101111211012111111000111201211112111001122220222102120111011122020102110101101111122012201120111112000111222
110010221111001210111110001021212001201101211110220101111011222011011022011201120211021111121201211102221202011101200010201202210112120121211110021101121101011111211210010100211022011111021110021011112012120002111121101111101001101000211110211022121210101121010020200012121010011201020101102021202012112010110121012120011010120110101112211011111111200010212121110211001201120221221001
012112221200111221000212011021120011111111111122111001010221111111001102121111121102021221102202011111120122211111021101110200011201111011112011211120121000110210011112101111202011221112010110112011210011112221111122012120222100112211122101112212122221111002001220121201101112221101121012221210002012101112020112112210021211011110121101121120210121101111211110121111022101110200211110
110111211110111101100100020221122210101102111121112021121201121011110111021111112011102220111101211011021111112012122120011100220111211010210021112102102202120120210122020210110200110100011100011001111122110010211001112212102111210001110111101102111101111122102111211212120201011100211122111012202221221220122201000211112121212211112121121102010121121210121202121001102102210011222112
210021110012111122112021202111011011011121010111111001210021110201121111110011121111201102211112221111000221111011121212110022112111112012122112120201111211211120102121101210012021111122010212021122202110201112120211212101020201110021001202100111112110000102121121201121001122020010202001222121112211111022121111102101111210001200011221112111221112100101110010202112111101100121112221
101110102211011100122010111110112110001121111011111111012000100101011110012022102011200012011121111102111112102111212111021212121010100101121221122012101120011211221010211111111001201111211121121211211001222020202110212111110210112111112211121010120101110011201001111010100121010121121002020211001010101220202100120121211001111100010110112112120121211012110010001201011022001211001001
101211201121121211022112112112102102021001121222110102121101110212111011100221110011110210021111112000101011012210001111111201101011202211022111111102111111202101111020011000110112111011100212210221200121011100202112111202121201211221002011010100001111111011111211111110112011020102112022111101212202000122212211102211111121211001201122201002211122111122010102110101101112201022112101
102201021122102012120122211201211200002111200011201120122011011112111021111121121110211011111112112112211101201111211112012010221111212211201121011110112100211021122120010120221022022011101100001221012111101210111120111011111221121211220121120102202211112222010111022011112211010101021122122010211122110220111102101110121000222211001221002121011211000201001100011011201111202102111201
020122101100211102111201012100202121111212202011200011001002221211021110112121111021121010101221211111110010210001111111012112111111111020120111122122211120022212211101010212101221112110111121111110122010002212110211100122201202100121112100110011120101111110111212101001020121211201111122002111121111110111001212121011220210112120011211000011121121211212211111111111121011111022100202
120111111012211110100110001211121102221122201110111010211020111201012110220121122000111121211011011011011101011110110011220112212102112212122112101112201001021021021112111101212121121102121021112020011111101110211021100211010102101002111112120012101112021111101122121101110022112222011101120200210210212011111210101201111001010221010020201200210111022102110221012012101001211001110110
101021211001210011111202100011022221110211120222101121021101001210210011111100212111111111212111112210101202110022111110212011012102101020110200210101010012211111221121012121100111001112012110122011010110111011111212100111222211112012011111102100122101101102220121111111011100101110102121101111101101211001011101110112001211120201000201011112211122210010121110211111120212121012010112
210222112122211022111221211100210112110110102020200011101102020021011102111111220222221101220121100111101101101120212111220222012022120011121111121000012202120111122111010202110221221010211200111211111111210101111211112110111111122211012200212210012202011111212011011221221211210121011211111111112022110111121111101211211112221111111101112110010212111201112121110111212221121110001202
210111201200120000101022011220211010111200000101021220201222102212210111001121101111210011121112211021022121210112110111110112010210211001110010121010101221110021112202110211011110110112121021210211100011001121220001200211101122111021211112111011111020200002101220001211201000011111202111200212211110211221101201211211110101120110221120011001211111111002011010011011101121222011112112
110110121110021122112211110111021022200112120011202120221111110111111110111111012100010111020010111111112110121012202111111110200211112111120122101220002201120101021202210021121021022022210202110021020121021020001110100110011111121110202110011011111202200120011201120202111221221121011022011111211122112210111200112122111101000100110111121202010211022120211221000011010210100100100201
121020110012012210002021201111211101122021001110101020011110200112111112111211011112011021100121212212011100112110111112102011220121222011101211110121112011212221022210202010101122011110111212212222202201100111000110111001220211111110111102222110221222021100200011111111002111011211112011221221112111100221212101101122100122200211111000100112022010102211011212221111011012001121101011
022020020020111110012011211101121021011211121221210011000110111001202001012110011221121012021101110102010121112221211002111012221202111212201002021100222211112110211210122110211011210110111200201121011122101111201201220120122011110100001010112111011000101021110122211002112112121012101011001201012100111111221121220110111212211211020112212000020112222111101120101012121110011101111120
110111121102200112220110020011111102000001201201110011111210112101201021110002211110100010010101010211201212112102202112110111112112002110100111221120221212221110021001000211111110120110011111122221121112011212121022122100211111101001021102011111020211112001211221100110011022212120112210101211101211020012112110112112201101010121112221021111201211102102201121111101110111000111110211
121120000010000201012101001210122002111100100221002010111110201202122122121202201201121011022120110112010100121111121112201101012220211111101111101101222000110112201020112101011111002200111110200101010112110022121101220221221101201111100112120101221122121000212111111112110210220000122011111102122110111010211111110002012010111001112121121112101211111012111022211202211111102101211221
102102211012212112011020011222212201002120121211121220112222021211112211102111111120121212011121022221021212222111011201111021212122111222211110121211112200101111011222222212110110121022110111111111222022111001021012202211000111121121110111011211111201210220021122021101120020120111101011211110211000211122011021210111002111120110101011021012022212111110101121212122101101112112102021
122011121011211121111121212112011201001111111000211121122121011221211112100011112101211101000210002121211111111110211011120101112112110211121111010110121110111011011010110122211200110011112112120112020111222111021100121011212102202122110112021221121012111200010001011112120202110111011200111122022101102012001101100000101110011121011001011110111021202101202221001112121012011110111011
110112101100122101100211012001101012210122011111012121211201101121111021102211122110011110111121101111111011121101011010211111111110121111001102120211121122111022211100111101210021001112100111111222202121211111111102112011111101111210020110201102121212122010111001112011021211022111110102010210111221121011112201100111100120211120120021211010011210122111112011121002122222121020021021
012122001120110102112201121011211121110001000211101110212200121121111101111212110011112121110112112211120221211111100022201111101101100211211211122111012111111121210111112111012112011022210101112121012110110000011011211211111122000122222120112211110210000201211102120010222121111100201022011212221220121001221110011111210120212000211221110111110110122000110111122011120112011202112111
011111011011111221211102111221001111102210100112111011121212012210010021110211110221111111121201102111222112121111110120112201211120122002110211121210120120120210202111201202202222221102111201211112100112221101112112122111111211011110110000110110011122111102211110201112100121211120101111120102112101201101112000112202120101010001101121110011210022220011111021102111210210110111112111
122121110222212101212011201120111112110110211112102012111202111102210200012111111202201021220111200111102120120011111101102101112210012001020120120211210021112011121111100211110202100210111010111021112101100121110121112111211122111111101110122122112210011202111200112111121211210111200110001211111021000101121011201212100012211111212011110000011011221112112201101122012011101222200020
111012211111111002112011110201112010220012021011221021210111111111000211012002121100111111200112211020100111110211120010101112021122110011112112110211002011122111020211201110101121022112012202012110011222200211211122111101021101021011010111120211222122022122120110121211121211102111220122121120012101221201022112110020021111001111212211111122011021021011110020201110210211202010101001
222111102222002211122001111211022101211111122211111011210222212021201001011210101111122011102101121011121011111212201011212111212112110211010102011012101112002121121000122002111201101212112012000201110102100111201200222112101111111121120121111222210101111221121202012210121110120111011121111220011021101112121011220220201112111211001111111211102222011120001201002110011201101211111101
012011021222011122101012111211110101102211200121111011111100210201010212101201111021212101101112100001100111112211011100122121102201201111000211100002022211002222111011011121120011021010110012112111111101100220021211111102112111202110221211101121112120001120101121212111112011211112101122111010110011110121011111001111112200111101212111012112121221012011120120110210011111110011111100
021212111002121001020222112121011111121211121110110011222110202211011110021102121121120110102011211221011212112220010201211011021110212012102221201111021111222210211012111110101002212222102110222111111120112111111120101101112021111111110121211121001110111101211112111221202011211210002102211001110122011122011001110101002011100011112111012021210111021120120211202002012110102011111121
110122101010112101110112111110201101111111100001101122000112110221110100111011111112102112001212202012121221111100011112221111111110110201000112001210002101002120011112211100111211000012121211121002011112201111111102121221200000010210102010002212212120111120101012110100012121011221000021110110102101212101211012210112010212220000011102010100200102110000011012122011110011211111222112
210011212112110121022011022112012122101220212121122120102102111211010101112211112021102011112202122011112121120200111111121111210121112111211110001211002111011011111001111220122011000101211101101111121111222102002011111111010111210211201010211220011201011101120111110120101221210211201012121122011121112011112010012201110012222202001201112121102121110211120110101001001121212121001000
212212111221212010010110001202011101101101201021101011211210001122020021101020112202110122210111211210011102021010111112122121112121212112111221212100101211111102121121221102112012011111111210200112120222001201110120100112212221121120110010221010001111101110102202112012200000121111210211121111011111021112122211122010121001010111210222021121121012101012120112010121211111010111210011
221010201101111101011121101110012211112210121101110001101222022210221111101101111111121211011010001101021210120211020210212110122111111111012121211101001201022010221021212121100011201121210012111102200001212121112120112121112020111110122011110100120011121022001102100110222111221111101212022111112011210111011101211112110111112212111121011012221111102112222111210001011111121022112011
010122110212101101212100102111102122211011221020102121111212210211010012012122111112102200220111112121001012020012111010121210111111120111111111201120122112221201020010121102122111110100022102110120102101221100110112100010112220121201111121011222111211220100210120021112001122021002212011201110021101002200111210021111221012020111220200101100110111000011111012121111021011201010211112
122101112111110100101101010102001112101021002212010101102021100112100010212010001011100202101122210110100220201121100121122111100102111122112011121010111100021211011011101021101012212111000121110101122100111120001100212112100222111011010012100101211121111111020111111122212021120021120201012111110012221101202102110120202211112110012110112220200110012210011111001201011011212211122120
102110201210110022011122121111011110120121121212112100122110210222211202210201221100101022021111022121011010110011101000211212112211011121101111112010121100222211001101211111122121110121121111211012001211211211021111111010111202110001211201001001010121112112100222100111012011101111011201111020011112211101120201110111211112102210120120012202211112111112111001021011201100221112101212
220120021221211211211111202101010201112210201110112111101120021111001011211110121211011120200011102111011202012110101220110112011211012011112110111121220211021101112011211022110201021111112100210120101120112111111112112101101011101022011111012112211020102110010210210212212020211211111110010111102210001120010102211010011012220122011110201110211212100101121101021121111010112100101101
011101000211001110121111211111110221102210110211012221022111111111111111110022102102121011112112101011200101000111100110112002112211020111101111111101221211122110120111121111110111011100100201120101111120011222102010102202010101022101122112222000201110101210111210122212111010111222112201010101011110012000111102010122121102102112110220020111221112112121000122202101002122201211120002
020110122001102210011101210222112111100112021121111012111210122102012001102112101120122101110110210220121010000201110112110112110201201222212110111001222111210111011221221102111021201101011210111120111212102011201202220110111111221200201122110011120120111121110021111112201001112201012022011100211212012102101121201111222012011111121112211101111020202000210010020011121211121101002211
101111111112110020111100001111100111211121001122001212221222111222112000021100012122221122211202001011022002121211212001222002120222101200211110101202112111111110201111021020100111021111021222102212110210211211111110210221111201111011012202111121011110112111111021020011112210111200112001212021212110201101110121021111112201222101111201100111121212211202111111002120011120202110110112
210122010211011100011120121020101011010220012201211121100201110220022101012021001220210220000020001111121202101011200212111202121121211100001102122210112112121012112112111000110101020100111111111201101112121111120110011002211110102111122211112112210022102011210011111212201111001201000112111110101211010022202012110120110112211101002111221110111211211001201120220122011122210220101000
122020001122211111000011101111111120021001102000011102112210211121010120110220011012211121222100020221102110112101010101110021200021000222021200200011120121121122211110112111011121110111110001111121112220111121012011121212112211110111110101100121122222120121122122000111111022111212111010111122101011012102112111111000020111222101011122112102012101202111022112021112202112011110120102
111102211012111101211111212100110012210010110202001112211111022111112011011211121112000202212110111110112121201101101110011200101101001012021000201212221112022121112211011211002002110122111010101111110011012222101100111202111111101221111202211110121100101020121110011121221201211111221021121102211201121120122110121211212121102102120201121112000101111010111002211101020121011121112122
111112121110001111201220221120021110101111101110201221110001021211200110110121122212110110111010111021220222221121211102221010022111211212211120011112111112110011210101211121210211020021222012122220101010020212121212211012111102111111120122120200002121211212100111110112111111111022012010001111011120001102111111102221202111121122102101112111110001110122001111201010001211102221110001
102011021111111112112121121021122111112010000111121111120211112002011011201121010111211100000110111111011100011012010111012000012112000211100020122020222000121110102111021112012111022210012111211111211201200221112100110011011012111111111212010011202120110000112112111110111101111001001010012211001212211111202111012001210102111101110011021112111012121122012120111211122111110110110122
121210001110101101110000101102111121001101112102211201221121020111110121122111001212000101110101201111201010112211102221211100121111101110022111001211102121102001211010110100212111101211101002210211021121021000102100112112021121211201022221011110221111122211111121212111110211111211112011201100000110122001102010100112211101020111101121102212211101002111201212200021112110220210121111
111012001211211101022012021120102022011110221020012202011111122121111220200000010112201012111111110211021221001121011210001211122100112122110112102211101102011121210121211110210021221111101121010011210010021010201112111011111111011121200012121111011212011012110110110000110122111112121110212101211110220112101002111202111021110111101221010200002112111121111111211211121001211000111102
111112211011102102022121102111021111112100010021110111202011021111102001101121010111011121211111111110011222110011121111011010110101001112111121011221112211112210021111211211211212111111121111121002001010221112021122112220112010122120211012211222110120200111022120200001110121011212211011121110111221201201122102110021121111122221001100011111211001220100211110011011111012120211210100
112211221112021002211211121011202011122210021100112221120100001100111001010210012112211002122020221120000111121001101212112110011001112011110010001111110111201101220100222111012220101120121010202100110122121012222111120100101122101211202101100100121001101211101111101201021001102111112121101211122211012021110112112011110111111110121102120111222001122011121102112112111110011121212020
201122011011112010111221100221012100211111112212120101110010110021201101211121020020021121212200010011011011011121212122111212122111121110102101111001122111011101111111202211212101101201211111201111111112122211012112121220200021012110111212211221211111121021111101222022111111110111011201211120222211210112022012120211000111212222102100102100110111111002210111121120022121112100202101
101112201110122112111221010011222120021211201222011010200201111111011111110010112020000121221112212121111220201110001111111110020101111211211111211021211012100111100101210001211011101121120111101101002220012111010101111011100112122220020201012101101121110021121110101110110111111101112221100110000021202011021011100111110121202121222120120111001121011110111002111112111022210100012111
202211120112021111201122110011011111111202222101011211111200101122200111201210101001010211001102120211111211100201011002112211121220210220112212121101211111212021221011012111112012020110011122210101211212111221111021122120101111111001211121201012112010010101220201211111011001001112101122001201020111121121012111010202100112212100211211101221021211112221101211111110112110020200021021
120011120121121102111121212110211211210010010020021011101111111202121002001121120001111122010200101111122120020102120111110102110120211112121110211021202112121102012211210111010012101111112112120212111021102112110011202110021102120100012100201112020010121112110021111121211201121111112211011112111112210120010222101111110112022022110212101221111110210022100210100011111221121121120212
202011111122010112211220010001201000220112020111112122212121111220001221200111111222012121111102110010110211110110100202111211212101102011120011200122221211111201112201101111110122011012001211110111211101102201111110101121011211112011111111111112112222210011121120120112220111010020110111011002112221100121021120021101121120112112111021111111120102210201102100122212001111110011011111
010112020000211101010002121121221111011021201000210112222201112001120000111011101012111211112111101111202200121220010101100001110000201212112200211111101112021221210011111111001211110111112111001010101010201211211010011122112101000111212011120111111122110001112112011110221200121121111100021101000011111000110121210112111112121211210011210212111111110121110112111020100001122211101001
200210121111111211012102200021211222221000001210211112210111102011222201112112121211211101011121121001112112112110120111122000111220112111111211120102121212011111022202111102011011111111102211001001002021120110211011111111100120111101120111011011021111101212210111121101121112011221121020021110211101121101202011211010001001011112122100011110011110002020211222112101202102201011111111
122001011111202112000021202110022100101120111221000220110101221001121011011211210220112011211111212221010120112200221001101220002101002211212021111110002102210110100112012102201201121012200121122100112021011222111211020101200201221120002201112211222002111012221210210202111110121110011111120000120020110011120101102111121112101111111001002011112100111110011122100002202111011111100001
011001120101111111000011222211021122111201112101120201201102102212021100110021122210111111122201211121210110220011202021211100110120121001101220102111002111121112221211102101002211221122121200102021110111112011110010121111211011212102111121101011101101110012021111002120110110100101012101221010120112121211110211111201020110200212000012011110111022111111001112121212010210101120021101
001122100111110110021122210102112102121210211101122201112010001020110211211100111110111112010121002201112002111212210111120212001111021020120012112201122111101211112110112111210121212022011111121210221122120112110102120221101121011211100200021010100001121111000001002201122022101210221120001101120110110101112100021121110120210111101010021122012211102201211111112211102211101221102112
002000221122122010121011021111111112121100100201221110211111212111011121211011111121101101211110020212111111122011201111102120100011111211121211011110221100111121212121112010200001211022100211011122102211000201010101101100111202112211201001221101221121221111111221222120112000121121211101111122212222020121012111111200201101002110211112101010120101101101111210021100111011111221122012
112101211011211111121122211111102121001100112101101221102011112210100221120201222111121121120122110102112111100011212210210111202010220001201001111101111110110110100100021122101111122112212122201211022012121102211202210111121020020011212201002111000100111211122121122012122110100122110110101101101110212111101221021112111220202010100021111121111200110002222212201121012110120012211211
011100121220112021111111200201011022111221001122200112101011121111211011011201210221110010011002122022020202202112012112011112220021112111221010211222112222001222111102120112121200122201000112101112011211112011222112212200011111100111011101112112111200112001010111111012112111201112102111222201112011011111211102111010001200022220201200121220210111121111101112011120101111101102012112
110210111111000101211011111001110121020011112011110102011102010111210110212121120011211021121121102121101111021111001000101112001211102102211212111011100121111112012200110110112110011010111112110110111000202012110102211112001221111120101201111111012112011211022201211021221101211210102101001100111222110221101121110101112111020022000011121100020102021111021121211210121210122012122121
111112121121111110211110102011021111111110001012112011012000111102101101112211121112201111110111222222012112112222120101101011201200111112101210101111111021211101201110210221021010112011221210111010112121110211021111222010000120221111200011100110011211201020221121110120101000101112120012211021211001011112111110112111020111211121111111111121212220211101220101011121111002122101102101
122211211220101010121101222110220221111011121012111011212222221111221112112111201110121111101100010010221101110102221120001122110012020201110111100112012112001011112010001121112121012201111111111112112202110221001120011010011122101221111211111221011000101111221220121222210111100212111221201120200201111010111120111111121110112211202111001111222011011121222021210201112110012121012110
121010200121012111101101111011111210221201021111121101101211111210111111122211111002212200221112212001001111211001100212210002211211201011101011112222211011011111011011110122121111112122210211201101000112212120111200022111001210110001121110200101110010001101101122122101211011101121101002221010101212210222100012212011112110010011101111210111100101112110111112111221211111011011212211
010211011220211012011111110201112011122121021102211120200011122211211010011101121122010012110022211200121002210200110101212100011010110212211201020012002220112211120201012100010121001011112111122111001121201121112202210110110112000100011222101111222201211011012121112221111211010110011111111111211110012101111221112111012022112202111212112111110211112121112111121101200111221121120211
111111110111001201211202112222121212100001021110211111110211221020101212201101101022111211121201102102012211111222110121112211112201112200111011112211112111220010100102111212011011021111100222100010112111021111122110002201111201101102012211100002210200211111210011010102111012111210211112211121111101211102221120111221111111021101121111111121121000101112100011011021201001221001010102
211112020120221012000112120112102201211210010111200110121011111111122220011101111112121111211111001121211101112122012111220210112110111112202101201121211220010021222120202120202110001111120012211000222102011010110111001102001101110112221211120101001211102012111111121012021111011101122110211111101011010121111111111202111211210110201022101210201111012121100110121102211012211211111210
120210012020210201201111101111112001212121220111110001221112020112122012101011121101100110202101020012001110111112010010112111012222202112021210101211211111011002010121122021122110212121101110112011111110120202011201010210221110001012101101210111110222100110001202111122201022011122102111021202012011110111021112101121221211011112010100012101101002210111110100101012201012212112110011
022211012112121000100210122111112210111201111220111011111120120012201101111122120111110211121222111211221111022112011211112102001101221102111111220210110010210111111111012011010211210221102010102210211211211001012121121201121102111121212112211100211011210111210011220121102122110112122021211001211022011210221221011201012110101011000111021211102111212100021101010201010011120110102102
210220110212102012102021111112001001212012102122222201101001121101200020102000210110002002122122210211011100111112121022011111112112101010102010202211201110012100110020011222111101201010120210100011112011012111210000101111211201212201221201122100012111021202111111122011211001111201101210111200121111101101210120111221011021122222200112011010120111121212111120121220002212101110021101
